[gd_scene load_steps=3 format=2]

[ext_resource path="res://CelShading.gd" type="Script" id=1]
[ext_resource path="res://Ship.tscn" type="PackedScene" id=2]

[node name="Geometry" type="Spatial"]
script = ExtResource( 1 )

[node name="Control" type="Control" parent="."]
margin_right = 40.0
margin_bottom = 40.0

[node name="Button" type="Button" parent="Control"]
margin_left = 39.0
margin_top = 35.0
margin_right = 97.0
margin_bottom = 98.0

[node name="Camera" type="Camera" parent="."]
transform = Transform( -0.93038, -0.172024, 0.32373, 0.0104349, 0.870282, 0.492442, -0.366448, 0.461537, -0.807898, 14.0034, 34.916, -48.3012 )
current = true

[node name="Ship" parent="." instance=ExtResource( 2 )]
transform = Transform( 0.364338, 0, -0.931267, 0, 1, 0, 0.931267, 0, 0.364338, -18.9819, -2.67811, -9.99836 )

[node name="DirectionalLight" type="DirectionalLight" parent="."]
transform = Transform( -0.0488547, -0.708104, 0.704416, 0.134922, 0.694115, 0.707107, -0.989651, 0.129587, 0.0616283, 0, 0, 0 )
directional_shadow_max_distance = 200.0
[connection signal="button_down" from="Control/Button" to="." method="_on_Button_button_down"]
