[gd_scene load_steps=6 format=2]

[ext_resource path="res://CelShading.gd" type="Script" id=1]
[ext_resource path="res://Plants.tscn" type="PackedScene" id=2]
[ext_resource path="res://Rock4.tscn" type="PackedScene" id=3]

[sub_resource type="SpatialMaterial" id=1]
albedo_color = Color( 0.27451, 0.427451, 0.235294, 1 )

[sub_resource type="PlaneMesh" id=2]
material = SubResource( 1 )

[node name="Tesselator" type="Spatial"]
script = ExtResource( 1 )

[node name="Control" type="Control" parent="."]
margin_right = 40.0
margin_bottom = 40.0

[node name="Button" type="Button" parent="Control"]
margin_left = 39.0
margin_top = 35.0
margin_right = 97.0
margin_bottom = 98.0

[node name="Camera" type="Camera" parent="."]
transform = Transform( -0.998796, -0.000547495, 0.0490577, 0.0163866, 0.938789, 0.344102, -0.0462433, 0.344492, -0.93765, 11.4793, 37.7867, -80.4989 )
current = true
far = 500.0

[node name="DirectionalLight" type="DirectionalLight" parent="."]
transform = Transform( -0.0488547, -0.708104, 0.704416, 0.134922, 0.694115, 0.707107, -0.989651, 0.129587, 0.0616283, 0, 0, 0 )
directional_shadow_max_distance = 200.0

[node name="MeshInstance" type="MeshInstance" parent="."]
transform = Transform( 62.3831, 0, 0, 0, 1, 0, 0, 0, 62.3831, 0, 0.281292, 0 )
mesh = SubResource( 2 )
material/0 = null

[node name="Scene Root" parent="." instance=ExtResource( 2 )]
transform = Transform( 0.0414081, 0, -0.499571, 0, 0.5, 0, 0.999142, 0, 0.020704, -0.0621929, -0.366432, 22.2716 )

[node name="Scene Root2" parent="." instance=ExtResource( 2 )]
transform = Transform( 0.443449, 0, -0.44815, 0, 0.5, 0, 0.896299, 0, 0.221725, 40.7984, -0.366432, 12.0186 )

[node name="Scene Root5" parent="." instance=ExtResource( 2 )]
transform = Transform( 0.999464, 0, -0.0163724, 0, 0.5, 0, 0.0327449, 0, 0.499732, 54.6034, -0.366432, -28.7777 )

[node name="Scene Root3" parent="." instance=ExtResource( 2 )]
transform = Transform( -0.416228, 0, -0.45463, 0, 0.5, 0, 0.90926, 0, -0.208114, -41.1212, -0.366432, 15.1859 )

[node name="Scene Root4" parent="." instance=ExtResource( 2 )]
transform = Transform( -0.999465, 0, -0.0163479, 0, 0.5, 0, 0.0326957, 0, -0.499733, -53.0778, -0.366432, -25.7866 )

[node name="Rock4" parent="." instance=ExtResource( 3 )]
transform = Transform( -0.784199, 0, -0.620511, 0, 1, 0, 0.620512, 0, -0.784198, 26.3893, -0.265315, -5.63552 )

[node name="Rock5" parent="." instance=ExtResource( 3 )]
transform = Transform( 0.688783, 0, -0.724969, 0, 1, 0, 0.72497, 0, 0.688782, -34.8881, -0.265315, -4.15559 )
[connection signal="button_down" from="Control/Button" to="." method="_on_Button_button_down"]
